                                                          Cloudy 13.03
                                                         www.nublado.org

                       **************************************13Feb20**************************************
                       *                                                                                 *
                       * c Lyman alpha system                                                            *
                       * cmb z=6.200                                                                     *
                       * table hm05 z=6.200                                                              *
                       * hden -2                                                                         *
                       * metals -1.5                                                                     *
                       * stop neutral column density 14.51                                               *
                       * double                                                                          *
                       * iterate to convergence                                                          *
                       * print line faint -1                                                             *
                       * save results last "system_0001.rlt"                                             *
                       *                                                                                 *
                       ***********************************************************************************



           5049CellPeak1.00E+00   Lo 1.00e-08=910.79cm   Hi-Con:7.67E+03 Ryd   E(hi):7.35E+06Ryd     E(hi):     100.01 MeV
           I(nu>1ryd):  -5.1810   Average nu:1.791E+00   I( X-ray):  -6.5387   I(BalC):  -2.6527     Phi(BalmrC):   8.3198
           phi(1.0-1.8): 5.0572   phi(1.8-4.0):  4.732   phi(4.0-20):  2.615   phi(20--):  2.582     Ion pht flx:1.689E+05
           I(gam ray):   0.0000   phi(gam r):   0.0000   I(Infred):   1.5265   Alf(ox):  -3.1372     Total inten:   1.5265
           U(1.0----):5.633E-04   U(4.0----):2.647E-06   T(En-Den):1.962E+01   T(Comp):2.123E+01     nuJnu(912A):5.781E-06
           Occ(FarIR):1.238E+04   Occ(H n=6):5.886E-15   Occ(1Ryd):2.654E-22   Occ(4R):1.775E-26     Occ (Nu-hi):0.000E+00
           Tbr(FarIR):1.962E+01   Tbr(H n=6):2.580E-11   Tbr(1Ryd):4.196E-17   Tbr(4R):1.122E-20     Tbr (Nu-hi):0.000E+00
  
                                                  Gas Phase Chemical Composition
        H :  0.0000  He: -1.0000  Li:-10.1904  Be:-12.0800  B :-10.7097  C : -5.1108  N : -5.5701  O : -4.8098  F : -9.0200
        Ne: -5.5000  Na: -7.1696  Mg: -5.9597  Al: -7.0302  Si: -5.9597  P : -7.9949  S : -6.2352  Cl: -8.2190  Ar: -7.1003
        K : -8.3794  Ca: -7.1402  Sc:-10.3297  Ti: -8.4788  V : -9.5000  Cr: -7.8298  Mn: -8.0406  Fe: -6.0498  Co: -8.5799
                                               Ni: -7.2496  Cu: -9.2905  Zn: -8.9001
 
 ####  1  Te:1.447E+04 Hden:1.000E-02 Ne:1.091E-02 R:1.000E+30 R-R0:3.990E+16 dR:7.980E+16 NTR: 21 Htot:2.757E-28 T912: 4.09e-05###
 Hydrogen      8.11e-03 9.92e-01 H+o/Hden 1.00e+00 2.29e-11 H-    H2 4.49e-14 1.25e-11 H2+ HeH+ 6.41e-10 Ho+ ColD 6.47e+12 7.92e+14
 Helium        1.42e-02 9.77e-01 9.17e-03 HeI 2s3S 1.24e-11 Comp H,C 3.49e-33 2.38e-30 Fill Fac 1.00e+00 Gam1/tot 9.97e-01
 He singlet n  1.42e-02 1.90e-18 2.05e-24 1.14e-24 1.31e-24 1.57e-24 He tripl 1.24e-11 1.06e-22 2.96e-24 2.23e-23 4.43e-24
 Pressure      NgasTgas 3.17e+02 P(total) 4.38e-14 P( gas ) 4.38e-14 P(Radtn) 5.42e-19 Rad accl 1.48e-09 ForceMul 4.26e+00
 Texc(La)      2.82e+03 T(I con) 1.96e+01 T(D con) 6.64e-02 T(U tot) 1.96e+01 nT (c+d) 4.76e+06 Prad/Gas 1.24e-05 Pmag/Gas 0.00e+00
 Molecules     CH/Ctot: 1.95e-17 CH+/Ctot 6.92e-13 CO/Ctot: 1.82e-21 CO+/Ctot 1.78e-18 H2O/Otot 2.19e-28 OH/Ototl 4.04e-15
 Lithium       9.47e-06 9.99e-01 6.57e-04 0.00e+00 Berylliu 3.56e-04 1.07e-01 8.90e-01 2.87e-03 0.00e+00 sec ion: 2.09e-19
 Boron         1.13e-05 6.31e-01 2.61e-01 1.08e-01 3.14e-05 0.00e+00
 Carbon        1.78e-05 2.34e-01 7.60e-01 5.98e-03 3.33e-04 0.00e+00 0.00e+00 H2O+/O   7.24e-28 OH+/Otot 1.77e-14 Hex(tot) 0.00e+00
 Nitrogen      1.24e-03 3.20e-01 6.72e-01 6.63e-03 6.98e-05 0.00e+00 0.00e+00 0.00e+00 O2/Ototl 1.00e-19 O2+/Otot 3.76e-20
 Oxygen        3.60e-03 3.80e-01 6.15e-01 9.01e-04 2.22e-05 0.00e+00 0.00e+00 0.00e+00 0.00e+00
 Fluorine      3.79e-04 1.67e-01 8.32e-01 5.97e-04 1.47e-05 0.00e+00 0.00e+00 0.00e+00 0.00e+00 0.00e+00
 Neon          5.25e-04 1.90e-01 8.08e-01 1.00e-03 2.09e-06 0.00e+00 0.00e+00 0.00e+00 0.00e+00 0.00e+00 0.00e+00
 Sodium        1.46e-05 3.28e-01 6.71e-01 1.91e-03 5.98e-06 0.00e+00 0.00e+00 0.00e+00 0.00e+00 0.00e+00 0.00e+00 0.00e+00
 Magnesium     8.95e-04 1.57e-01 8.41e-01 1.35e-03 1.43e-06 0.00e+00 0.00e+00 0.00e+00 0.00e+00 0.00e+00 0.00e+00 0.00e+00 0.00e+00
 Aluminium  0  2.81e-05 7.89e-01 1.17e-01 9.33e-02 5.71e-04 0.00e+00 0.00e+00 0.00e+00 0.00e+00 0.00e+00 0.00e+00 0.00e+00 0.00e+00
 Silicon    0  1.93e-06 1.88e-01 7.68e-01 4.27e-02 1.05e-03 0.00e+00 0.00e+00 0.00e+00 0.00e+00 0.00e+00 0.00e+00 0.00e+00 0.00e+00
 Phosphorus 0  1.31e-05 5.53e-01 4.21e-01 2.52e-02 6.21e-04 6.76e-05 0.00e+00 0.00e+00 0.00e+00 0.00e+00 0.00e+00 0.00e+00 0.00e+00
 Sulphur    0  2.40e-06 1.73e-01 8.00e-01 2.68e-02 4.74e-04 8.15e-05 1.96e-06 0.00e+00 0.00e+00 0.00e+00 0.00e+00 0.00e+00 0.00e+00
 Chlorine   0  7.47e-05 2.09e-01 7.64e-01 2.70e-02 4.40e-04 3.89e-05 1.21e-06 0.00e+00 0.00e+00 0.00e+00 0.00e+00 0.00e+00 0.00e+00
 Argon      0  8.00e-05 3.93e-02 9.43e-01 1.74e-02 5.98e-04 3.35e-05 2.45e-07 0.00e+00 0.00e+00 0.00e+00 0.00e+00 0.00e+00 0.00e+00
 Potassium  0  3.35e-06 3.29e-01 6.64e-01 5.80e-03 1.51e-03 2.82e-05 1.77e-07 0.00e+00 0.00e+00 0.00e+00 0.00e+00 0.00e+00 0.00e+00
 Calcium    0  1.28e-07 8.01e-03 9.58e-01 3.34e-02 7.85e-04 3.49e-05 5.78e-07 0.00e+00 0.00e+00 0.00e+00 0.00e+00 0.00e+00 0.00e+00
 Scandium   0  8.95e-08 4.73e-03 1.25e-01 8.68e-01 2.31e-03 1.76e-04 6.99e-06 0.00e+00 0.00e+00 0.00e+00 0.00e+00 0.00e+00 0.00e+00
 Titanium   0  1.19e-06 3.37e-02 4.19e-01 5.38e-01 9.51e-03 7.31e-05 3.68e-06 0.00e+00 0.00e+00 0.00e+00 0.00e+00 0.00e+00 0.00e+00
 Vanadium   0  3.71e-06 2.28e-02 6.81e-01 2.79e-01 1.71e-02 7.20e-05 3.60e-06 0.00e+00 0.00e+00 0.00e+00 0.00e+00 0.00e+00 0.00e+00
 Chromium   0  1.58e-07 1.14e-02 8.10e-01 1.73e-01 5.28e-03 1.22e-04 6.69e-06 0.00e+00 0.00e+00 0.00e+00 0.00e+00 0.00e+00 0.00e+00
 Manganese  0  3.07e-06 3.35e-02 8.34e-01 1.29e-01 3.43e-03 1.35e-04 4.50e-06 3.85e-08 0.00e+00 0.00e+00 0.00e+00 0.00e+00 0.00e+00
 Iron       0  2.92e-06 2.32e-02 5.85e-01 3.91e-01 1.36e-03 2.05e-04 2.10e-06 0.00e+00 0.00e+00 0.00e+00 0.00e+00 0.00e+00 0.00e+00
 Cobalt     0  1.95e-05 1.31e-01 5.91e-01 2.69e-01 7.80e-03 1.63e-04 4.94e-06 1.74e-07 0.00e+00 0.00e+00 0.00e+00 0.00e+00 0.00e+00
 Nickel     0  1.15e-05 1.66e-01 6.98e-01 1.35e-01 1.39e-03 1.09e-04 1.96e-06 0.00e+00 0.00e+00 0.00e+00 0.00e+00 0.00e+00 0.00e+00
 Copper     0  2.04e-06 2.57e-02 8.24e-01 1.50e-01 5.88e-04 1.17e-04 1.19e-06 9.87e-08 0.00e+00 0.00e+00 0.00e+00 0.00e+00 0.00e+00
 Zinc       0  8.83e-06 3.15e-02 4.31e-01 5.29e-01 8.14e-03 2.35e-04 2.71e-06 2.96e-07 0.00e+00 0.00e+00 0.00e+00 0.00e+00 0.00e+00
 #### 33  Te:1.447E+04 Hden:1.000E-02 Ne:1.091E-02 R:1.000E+30 R-R0:3.983E+18 dR:3.420E+16 NTR:  6 Htot:2.746E-28 T912: 2.05e-03###
 Hydrogen      8.07e-03 9.92e-01 H+o/Hden 1.00e+00 2.28e-11 H-    H2 4.45e-14 1.24e-11 H2+ HeH+ 6.38e-10 Ho+ ColD 3.24e+14 3.97e+16
 Helium        1.42e-02 9.77e-01 9.24e-03 HeI 2s3S 1.25e-11 Comp H,C 3.49e-33 2.38e-30 Fill Fac 1.00e+00 Gam1/tot 9.97e-01
 He singlet n  1.42e-02 2.20e-18 3.20e-24 1.19e-24 2.03e-24 1.58e-24 He tripl 1.25e-11 1.06e-22 2.97e-24 2.24e-23 4.47e-24
 Pressure      NgasTgas 3.17e+02 P(total) 4.38e-14 P( gas ) 4.38e-14 P(Radtn) 1.19e-17 Rad accl 3.95e-10 ForceMul 1.13e+00
 Texc(La)      2.82e+03 T(I con) 1.96e+01 T(D con) 1.47e-01 T(U tot) 1.96e+01 nT (c+d) 4.78e+06 Prad/Gas 2.73e-04 Pmag/Gas 0.00e+00
 Molecules     CH/Ctot: 1.93e-17 CH+/Ctot 6.89e-13 CO/Ctot: 1.79e-21 CO+/Ctot 1.76e-18 H2O/Otot 2.15e-28 OH/Ototl 3.99e-15
 Lithium       9.47e-06 9.99e-01 6.59e-04 0.00e+00 Berylliu 3.56e-04 1.07e-01 8.90e-01 2.87e-03 0.00e+00 sec ion: 2.09e-19
 Boron         1.13e-05 6.31e-01 2.61e-01 1.09e-01 3.15e-05 0.00e+00
 Carbon        1.77e-05 2.33e-01 7.60e-01 6.02e-03 3.34e-04 0.00e+00 0.00e+00 H2O+/O   7.11e-28 OH+/Otot 1.75e-14 Hex(tot) 0.00e+00
 Nitrogen      1.23e-03 3.19e-01 6.73e-01 6.68e-03 7.01e-05 0.00e+00 0.00e+00 0.00e+00 O2/Ototl 9.87e-20 O2+/Otot 3.70e-20
 Oxygen        3.58e-03 3.79e-01 6.16e-01 9.04e-04 2.23e-05 0.00e+00 0.00e+00 0.00e+00 0.00e+00
 Fluorine      3.78e-04 1.67e-01 8.32e-01 5.98e-04 1.47e-05 0.00e+00 0.00e+00 0.00e+00 0.00e+00 0.00e+00
 Neon          5.23e-04 1.90e-01 8.09e-01 1.01e-03 2.09e-06 0.00e+00 0.00e+00 0.00e+00 0.00e+00 0.00e+00 0.00e+00
 Sodium        1.46e-05 3.27e-01 6.71e-01 1.92e-03 6.00e-06 0.00e+00 0.00e+00 0.00e+00 0.00e+00 0.00e+00 0.00e+00 0.00e+00
 Magnesium     8.95e-04 1.57e-01 8.41e-01 1.36e-03 1.44e-06 0.00e+00 0.00e+00 0.00e+00 0.00e+00 0.00e+00 0.00e+00 0.00e+00 0.00e+00
 Aluminium  0  2.81e-05 7.89e-01 1.17e-01 9.33e-02 5.72e-04 0.00e+00 0.00e+00 0.00e+00 0.00e+00 0.00e+00 0.00e+00 0.00e+00 0.00e+00
 Silicon    0  1.93e-06 1.88e-01 7.68e-01 4.28e-02 1.05e-03 0.00e+00 0.00e+00 0.00e+00 0.00e+00 0.00e+00 0.00e+00 0.00e+00 0.00e+00
 Phosphorus 0  1.31e-05 5.53e-01 4.21e-01 2.53e-02 6.23e-04 6.79e-05 0.00e+00 0.00e+00 0.00e+00 0.00e+00 0.00e+00 0.00e+00 0.00e+00
 Sulphur    0  2.39e-06 1.72e-01 8.00e-01 2.69e-02 4.76e-04 8.19e-05 1.98e-06 0.00e+00 0.00e+00 0.00e+00 0.00e+00 0.00e+00 0.00e+00
 Chlorine   0  7.40e-05 2.08e-01 7.64e-01 2.71e-02 4.42e-04 3.90e-05 1.22e-06 0.00e+00 0.00e+00 0.00e+00 0.00e+00 0.00e+00 0.00e+00
 Argon      0  8.00e-05 3.93e-02 9.42e-01 1.75e-02 6.00e-04 3.36e-05 0.00e+00 0.00e+00 0.00e+00 0.00e+00 0.00e+00 0.00e+00 0.00e+00
 Potassium  0  3.34e-06 3.29e-01 6.64e-01 5.83e-03 1.51e-03 2.83e-05 0.00e+00 0.00e+00 0.00e+00 0.00e+00 0.00e+00 0.00e+00 0.00e+00
 Calcium    0  1.27e-07 7.93e-03 9.58e-01 3.37e-02 7.87e-04 3.51e-05 0.00e+00 0.00e+00 0.00e+00 0.00e+00 0.00e+00 0.00e+00 0.00e+00
 Scandium   0  8.94e-08 4.73e-03 1.25e-01 8.68e-01 2.31e-03 1.76e-04 7.01e-06 0.00e+00 0.00e+00 0.00e+00 0.00e+00 0.00e+00 0.00e+00
 Titanium   0  1.18e-06 3.36e-02 4.19e-01 5.38e-01 9.53e-03 7.34e-05 3.69e-06 0.00e+00 0.00e+00 0.00e+00 0.00e+00 0.00e+00 0.00e+00
 Vanadium   0  3.70e-06 2.28e-02 6.80e-01 2.80e-01 1.71e-02 7.24e-05 3.62e-06 0.00e+00 0.00e+00 0.00e+00 0.00e+00 0.00e+00 0.00e+00
 Chromium   0  1.58e-07 1.14e-02 8.10e-01 1.73e-01 5.32e-03 1.23e-04 6.71e-06 0.00e+00 0.00e+00 0.00e+00 0.00e+00 0.00e+00 0.00e+00
 Manganese  0  3.06e-06 3.34e-02 8.34e-01 1.30e-01 3.45e-03 1.36e-04 4.51e-06 0.00e+00 0.00e+00 0.00e+00 0.00e+00 0.00e+00 0.00e+00
 Iron       0  2.90e-06 2.31e-02 5.84e-01 3.92e-01 1.36e-03 2.06e-04 2.11e-06 0.00e+00 0.00e+00 0.00e+00 0.00e+00 0.00e+00 0.00e+00
 Cobalt     0  1.94e-05 1.30e-01 5.91e-01 2.71e-01 7.86e-03 1.64e-04 4.98e-06 0.00e+00 0.00e+00 0.00e+00 0.00e+00 0.00e+00 0.00e+00
 Nickel     0  1.14e-05 1.65e-01 6.98e-01 1.35e-01 1.39e-03 1.10e-04 1.97e-06 0.00e+00 0.00e+00 0.00e+00 0.00e+00 0.00e+00 0.00e+00
 Copper     0  2.03e-06 2.56e-02 8.23e-01 1.51e-01 5.91e-04 1.18e-04 1.20e-06 0.00e+00 0.00e+00 0.00e+00 0.00e+00 0.00e+00 0.00e+00
 Zinc       0  8.81e-06 3.15e-02 4.31e-01 5.29e-01 8.14e-03 2.36e-04 2.72e-06 0.00e+00 0.00e+00 0.00e+00 0.00e+00 0.00e+00 0.00e+00
                                                                             
   Calculation stopped because H0 column dens reached. Iteration 1 of 10
   The geometry is plane-parallel.
  !Continuum fluorescent production of H-beta was very important.
  !AGE: Cloud age was not set.  Longest timescale was 5.05e+14 s = 1.60e+07 years.
  !The intensity of the incident radiation field is less than 10 times the Habing diffuse ISM field.  Is this OK?
  !   Consider adding diffuse ISM emission with TABLE ISM command.
   The density is too low to l-mix the lowest H  I collapsed level.  More resolved levels are needed for accurate line ratios.
   The density is too low to l-mix the lowest He I collapsed level.  More resolved levels are needed for accurate line ratios.
   The largest continuum occupation number was 1.238e+04 at 1.004e-08 Ryd.
   The continuum occupation number fell below 1 at 1.058e+03 microns.
   Grains were not present but might survive in this environment (energy density temperature was 1.96e+01K)
   Stimulated emission was  35.3% of the total for H transition 69 - 68

                       *********************************> Cloudy 13.03 <**********************************
                       * c Lyman alpha system                                                            *
                       * cmb z=6.200                                                                     *
                       * table hm05 z=6.200                                                              *
                       * hden -2                                                                         *
                       * metals -1.5                                                                     *
                       * stop neutral column density 14.51                                               *
                       * double                                                                          *
                       * iterate to convergence                                                          *
                       * print line faint -1                                                             *
                       * save results last "system_0001.rlt"                                             *
                       *********************************> Log(U): -3.25 <*********************************

                     Emission Line Spectrum.   Constant  Density Model.    Open geometry.  Iteration 1 of 10.
                                                     Intensity (erg/s/cm^2).


                                                   Intrinsic line intensities
 general properties..........      Pcon  5000A  -3.1741100792.8      nFnu  3704A  -8.137  11.9939      nInu 399.2A  -5.3806855.1997            
 TOTL  4861A  -9.216   1.0000      HFFc     0   -9.983   0.1709      nInu  3704A  -3.0821362342.6      RRC.........................            
 TOTL  1216A  -6.383 681.4189      H FF     0  -10.026   0.1550      nFnu  3588A  -8.079  13.7299      H  1 911.8A  -8.878   2.1784            
 Inci     0    1.527*********      ToFF     0   -9.984   0.1709      nInu  3588A  -3.0701400056.6      H  1  3646A  -9.904   0.2051            
 TotH     0   -8.958   1.8106      nInu 23.51c  -6.804 258.4506      nFnu  2430A  -7.743  29.7039      He 1 504.3A  -9.604   0.4098            
 TotC     0   -8.958   1.8106      nInu 20.46c  -6.622 393.2371      nInu  2430A  -2.8412372041.8      grains......................            
 BFH1     0   -9.040   1.4991      nInu 6.611c  -5.15111616.527      nFnu  2392A  -7.731  30.5627      H-like iso-sequence.........            
 BFHe     0   -9.727   0.3088      nInu 6.137c  -5.05414540.890      nInu  2392A  -2.8312427076.2      Clin 912.0A  -9.234   0.9594            
 H FB     0   -9.679   0.3447      nInu 3.554c  -4.34674246.523      nFnu  2071A  -7.614  40.0466      Cool  1216A  -9.481   0.5431            
 HFBc     0   -9.679   0.3447      nInu 3.432c  -4.30082434.781      nInu  2071A  -2.7492931790.0      Crst 960.0A  -9.597   0.4163            
 continua....................      nInu 3.400c  -4.28784935.805      nFnu  2053A  -7.606  40.7710      Ca B  1216A  -8.872   2.2088            
 Bac   3646A  -9.313   0.7995      nInu 2.003c  -3.606407152.22      nInu  2053A  -2.7432971040.2      Q(H)  4861A  -7.100 130.5661            
 nFnu  3645A  -8.094  13.2456      nInu 1.335c  -3.0761379802.6      nFnu  1793A  -7.510  50.8965      Q(H)  1216A  -5.5594539.3330            
 nFnu  3647A  -8.121  12.4461      nInu  9993m  -2.7033262416.2      nInu  1793A  -2.6763469418.2      Ca A  1216A  -9.075   1.3851            
 cout  3646A  -9.614   0.3998      nFnu  6917m  -9.771   0.2786      nFnu  1585A  -7.446  58.8643      Ca A  1026A  -9.701   0.3272            
 cref  3646A  -9.614   0.3998      nInu  6917m  -2.2349591554.0      nInu  1585A  -2.6263888216.0      Ca A 972.5A -10.107   0.1286            
 thin  3646A  -9.313   0.7995      nFnu 122.4m  -6.313 799.9826      nFnu  1458A  -7.434  60.5626      Ca A  6563A -10.165   0.1125            
 Inci  4860A  -3.0271546767.0      nInu 122.4m   1.224*********      nInu  1458A  -2.5874256256.0      Ca B  6563A  -9.968   0.1769            
 Inci  1215A  -2.6673538268.5      nFnu 60.83m  -7.733  30.4178      nFnu  1357A  -7.474  55.2130      H  1     0   -7.564  44.8752            
 Ba C     0   -9.846   0.2347      nInu 60.83m  -0.196*********      nInu  1357A  -2.5854282449.5      H  1  1216A  -6.383 681.4189            
 FIR  83.00m   1.486*********      nFnu 41.22m  -9.546   0.4679      nFnu  1297A  -7.577  43.5661      H  1  1026A  -7.170 111.3243            
 TIR   1800m   0.477*********      nInu 41.22m  -2.015*********      nInu  1297A  -2.6144003090.2      H  1 972.5A  -7.973  17.5161            
 NIRa 2.850m  -3.0041629519.2      nInu 30.87m  -4.085135367.69      nFnu  1263A  -7.772  27.8373      H  1 949.7A  -8.700   3.2835            
 NIRb 3.000m  -3.460570483.56      nInu 24.78m  -5.20410284.639      nInu  1263A  -2.6363802425.2      H  1 937.8A  -9.206   1.0248            
 MIRa 15.00m  -4.71831465.516      nInu 24.30m  -5.21310063.813      nFnu  1218A  -7.987  16.9552      H  1 930.8A  -9.684   0.3404            
 MIRb 22.50m  -3.363712858.88      nInu 22.83m  -5.21310066.709      nInu  1218A  -2.6603598973.0      H  1 926.2A  -9.992   0.1675            
 NMIR 21.75m  -3.0041629519.2      nInu 21.42m  -5.19610473.991      nFnu  1196A  -9.683   0.3410      H  1 923.2A -10.141   0.1190            
 TFIR 611.2m   1.454*********      nInu 21.12m  -5.19110589.828      nInu  1196A  -2.6773460151.2      H  1  6563A  -8.325   7.7864            
 TALL 10000A   1.527*********      nInu 19.62m  -5.16811174.332      nFnu  1175A  -9.941   0.1886      H  1  4861A  -9.216   1.0000            
 F12  12.00m  -5.2429426.4600      nInu 17.65m  -5.12912217.680      nInu  1175A  -2.6923343487.2      H  1  4340A  -9.978   0.1731            
 F25  25.00m  -5.3217852.8057      nInu 17.37m  -5.12412369.170      nFnu  1144A -10.012   0.1600      H  1 1.875m -10.182   0.1082            
 F60  60.00m  -0.233*********      nInu 15.69m  -5.08913408.647      nInu  1144A  -2.7333044793.5      He 2     0   -9.881   0.2162            
 F100 100.0m   0.563*********      nInu 14.60m  -5.06614141.284      nFnu  1113A -10.045   0.1482      He 2 303.8A  -9.351   0.7329            
 MIPS 24.00m  -5.8422364.9573      nInu 12.43m  -5.02215646.701      nInu  1113A  -2.7802728936.0      He 2 256.3A  -9.906   0.2043            
 MIPS 70.00m  -0.287*********      nInu 11.40m  -5.00616231.803      nFnu  1103A -10.058   0.1441      He 2 243.0A -10.139   0.1195            
 MIPS 160.0m   0.699*********      nInu 10.46m  -4.98616986.357      nInu  1103A  -2.8032591647.0      He-like iso-sequence........            
 IRAC 3.600m  -4.84923300.654      nInu 9.480m  -4.95318319.943      nFnu  1074A -10.093   0.1327      He 1 584.3A  -9.504   0.5156            
 IRAC 4.500m  -5.05614476.555      nInu 9.325m  -4.94718567.012      nInu  1074A  -2.8782180145.5      He 1 537.0A -10.019   0.1575            
 IRAC 5.800m  -5.2509260.3613      nInu 8.210m  -4.89021193.129      nFnu  1064A -10.106   0.1290      He 1 625.6A  -9.696   0.3310            
 IRAC 8.000m  -5.3028202.8154      nInu 7.580m  -4.84823318.990      nInu  1064A  -2.9082034461.2      database lines..............            
 SPR1 250.0m   0.821*********      nInu 7.050m  -4.80925529.777      nFnu  1036A -10.146   0.1177      level 1 lines...............            
 SPR2 350.0m   0.645*********      nInu 4.114m  -4.32977063.953      nInu  1036A  -3.0171583393.0      C  2  1335A  -9.567   0.4458            
 SPR3 500.0m   0.437*********      nFnu 2.324m  -9.946   0.1862      nFnu  1000A -10.199   0.1040      C  3 977.0A  -9.371   0.7009            
 PAC1 70.00m  -0.203*********      nInu 2.324m  -3.731305540.34      nInu  1000A  -3.219993097.81      N  2  1085A  -9.811   0.2542            
 PAC2 100.0m   0.588*********      nFnu 1.643m  -9.615   0.3989      nInu 925.1A  -4.83124283.082      O  3 88.33m  -9.760   0.2862            
 PAC3 160.0m   0.985*********      nInu 1.643m  -3.508510699.72      nFnu 897.8A  -7.919  19.8227      TOTL  2798A  -9.708   0.3225            
 PAH  3.300m  -5.6443736.4197      nFnu 1.480m  -9.516   0.5009      nInu 897.8A  -5.2419442.6875      Mg 2  2796A  -9.884   0.2147            
 PAHC 3.230m  -5.9112021.3625      nInu 1.480m  -3.469559283.75      nFnu 760.0A  -8.677   3.4614      Mg 2  2803A -10.183   0.1078            
 PAHC 3.370m  -5.9781732.1094      nFnu 1.436m  -9.465   0.5634      nInu 760.0A  -5.2579110.8330      Si 2  1263A  -9.603   0.4104            
 PAH  6.200m  -5.8082561.2173      nInu 1.436m  -3.456575898.88      nFnu 701.5A  -9.078   1.3762      Si 3  1207A  -9.025   1.5525            
 PAHC 5.650m  -5.7003285.1467      nFnu 1.119m  -9.230   0.9679      nInu 701.5A  -5.2579109.2031      recombination...............            
 PAH  7.900m  -5.7672815.9026      nInu 1.119m  -3.353730375.81      nFnu 608.2A  -9.733   0.3040      level2 lines................            
 PAHC 6.900m  -5.6313844.2546      nFnu  8330A  -8.942   1.8815      nInu 608.2A  -5.2389507.4541      C  2  1020A -10.182   0.1081            
 PAH  11.30m  -6.455 577.0814      nInu  8330A  -3.232964412.00      nFnu 575.1A  -9.863   0.2254      Al 2  1671A  -9.757   0.2877            
 PAHC 10.90m  -6.431 609.2426      nFnu  8079A  -8.888   2.1307      nInu 575.1A  -5.2369554.8281      Si 2  1180A  -9.803   0.2590            
 PAH  11.80m  -6.247 932.2833      nInu  8079A  -3.218996079.75      nFnu 511.9A  -9.907   0.2040      hyperfine structure.........            
 PAHC 12.65m  -6.283 858.2584      nFnu  6210A  -8.632   3.8376      nInu 511.9A  -5.3187916.6133      inner shell.................            
 PAH  13.30m  -6.258 907.5972      nInu  6210A  -3.0911333362.4      nFnu 496.9A  -8.457   5.7449      molecules...................            
 PAHC 14.10m  -6.300 824.2488      nFnu  4885A  -8.400   6.5465      nInu 496.9A  -5.3557259.7422            
 Bcon  3640A  -2.6533660246.5      nInu  4885A  -3.0271547138.9      nFnu 399.2A  -9.673   0.3490            

                                                    Emergent line intensities
 Caution: emergent intensities are not reliable on the first iteration.
 general properties..........      nInu 6.137c  -5.05414540.890      nInu  3588A  -3.0701400056.6      nFnu 399.2A  -9.673   0.3490            
 TOTL  4861A  -9.216   1.0000      nInu 3.554c  -4.34674246.523      nFnu  2430A  -7.743  29.7039      nInu 399.2A  -5.3806855.1997            
 TOTL  1216A  -6.383 681.4189      nInu 3.432c  -4.30082434.781      nInu  2430A  -2.8412372041.8      RRC.........................            
 continua....................      nInu 3.400c  -4.28784935.805      nFnu  2392A  -7.731  30.5627      grains......................            
 Bac   3646A  -9.313   0.7995      nInu 2.003c  -3.606407152.22      nInu  2392A  -2.8312427076.2      H-like iso-sequence.........            
 nFnu  3645A  -8.094  13.2456      nInu 1.335c  -3.0761379802.6      nFnu  2071A  -7.614  40.0466      Clin 912.0A  -9.234   0.9594            
 nFnu  3647A  -8.121  12.4461      nInu  9993m  -2.7033262416.2      nInu  2071A  -2.7492931790.0      Cool  1216A  -9.481   0.5431            
 cout  3646A  -9.614   0.3998      nFnu  6917m  -9.771   0.2786      nFnu  2053A  -7.606  40.7710      Crst 960.0A  -9.597   0.4163            
 cref  3646A  -9.614   0.3998      nInu  6917m  -2.2349591554.0      nInu  2053A  -2.7432971040.2      Ca B  1216A  -8.872   2.2088            
 thin  3646A  -9.313   0.7995      nFnu 122.4m  -6.313 799.9826      nFnu  1793A  -7.510  50.8965      Q(H)  4861A  -7.100 130.5661            
 Inci  4860A  -3.0271546767.0      nInu 122.4m   1.224*********      nInu  1793A  -2.6763469418.2      Q(H)  1216A  -5.5594539.3330            
 Inci  1215A  -2.6673538268.5      nFnu 60.83m  -7.733  30.4178      nFnu  1585A  -7.446  58.8643      Ca A  1216A  -9.075   1.3851            
 FIR  83.00m   1.486*********      nInu 60.83m  -0.196*********      nInu  1585A  -2.6263888216.0      Ca A  1026A  -9.701   0.3272            
 TIR   1800m   0.477*********      nFnu 41.22m  -9.546   0.4679      nFnu  1458A  -7.434  60.5626      Ca A 972.5A -10.107   0.1286            
 NIRa 2.850m  -3.0041629519.2      nInu 41.22m  -2.015*********      nInu  1458A  -2.5874256256.0      Ca A  6563A -10.165   0.1125            
 NIRb 3.000m  -3.460570483.56      nInu 30.87m  -4.085135367.69      nFnu  1357A  -7.474  55.2130      Ca B  6563A  -9.968   0.1769            
 MIRa 15.00m  -4.71831465.516      nInu 24.78m  -5.20410284.639      nInu  1357A  -2.5854282449.5      H  1  1216A  -6.383 681.4189            
 MIRb 22.50m  -3.363712858.88      nInu 24.30m  -5.21310063.813      nFnu  1297A  -7.577  43.5661      H  1  1026A  -7.170 111.3243            
 NMIR 21.75m  -3.0041629519.2      nInu 22.83m  -5.21310066.709      nInu  1297A  -2.6144003090.2      H  1 972.5A  -7.973  17.5161            
 TFIR 611.2m   1.454*********      nInu 21.42m  -5.19610473.991      nFnu  1263A  -7.772  27.8373      H  1 949.7A  -8.700   3.2835            
 TALL 10000A   1.527*********      nInu 21.12m  -5.19110589.828      nInu  1263A  -2.6363802425.2      H  1 937.8A  -9.206   1.0248            
 F12  12.00m  -5.2429426.4600      nInu 19.62m  -5.16811174.332      nFnu  1218A  -7.987  16.9552      H  1 930.8A  -9.684   0.3404            
 F25  25.00m  -5.3217852.8057      nInu 17.65m  -5.12912217.680      nInu  1218A  -2.6603598973.0      H  1 926.2A  -9.992   0.1675            
 F60  60.00m  -0.233*********      nInu 17.37m  -5.12412369.170      nFnu  1196A  -9.683   0.3410      H  1 923.2A -10.141   0.1190            
 F100 100.0m   0.563*********      nInu 15.69m  -5.08913408.647      nInu  1196A  -2.6773460151.2      H  1  6563A  -8.325   7.7864            
 MIPS 24.00m  -5.8422364.9573      nInu 14.60m  -5.06614141.284      nFnu  1175A  -9.941   0.1886      H  1  4861A  -9.216   1.0000            
 MIPS 70.00m  -0.287*********      nInu 12.43m  -5.02215646.701      nInu  1175A  -2.6923343487.2      H  1  4340A  -9.978   0.1731            
 MIPS 160.0m   0.699*********      nInu 11.40m  -5.00616231.803      nFnu  1144A -10.012   0.1600      H  1 1.875m -10.182   0.1082            
 IRAC 3.600m  -4.84923300.654      nInu 10.46m  -4.98616986.357      nInu  1144A  -2.7333044793.5      He 2 303.8A  -9.351   0.7329            
 IRAC 4.500m  -5.05614476.555      nInu 9.480m  -4.95318319.943      nFnu  1113A -10.045   0.1482      He 2 256.3A  -9.906   0.2043            
 IRAC 5.800m  -5.2509260.3613      nInu 9.325m  -4.94718567.012      nInu  1113A  -2.7802728936.0      He 2 243.0A -10.139   0.1195            
 IRAC 8.000m  -5.3028202.8154      nInu 8.210m  -4.89021193.129      nFnu  1103A -10.058   0.1441      He-like iso-sequence........            
 SPR1 250.0m   0.821*********      nInu 7.580m  -4.84823318.990      nInu  1103A  -2.8032591647.0      He 1 584.3A  -9.504   0.5156            
 SPR2 350.0m   0.645*********      nInu 7.050m  -4.80925529.777      nFnu  1074A -10.093   0.1327      He 1 537.0A -10.019   0.1575            
 SPR3 500.0m   0.437*********      nInu 4.114m  -4.32977063.953      nInu  1074A  -2.8782180145.5      He 1 625.6A  -9.696   0.3310            
 PAC1 70.00m  -0.203*********      nFnu 2.324m  -9.946   0.1862      nFnu  1064A -10.106   0.1290      database lines..............            
 PAC2 100.0m   0.588*********      nInu 2.324m  -3.731305540.34      nInu  1064A  -2.9082034461.2      level 1 lines...............            
 PAC3 160.0m   0.985*********      nFnu 1.643m  -9.615   0.3989      nFnu  1036A -10.146   0.1177      C  2  1335A  -9.567   0.4458            
 PAH  3.300m  -5.6443736.4197      nInu 1.643m  -3.508510699.72      nInu  1036A  -3.0171583393.0      C  3 977.0A  -9.371   0.7009            
 PAHC 3.230m  -5.9112021.3625      nFnu 1.480m  -9.516   0.5009      nFnu  1000A -10.199   0.1040      N  2  1085A  -9.811   0.2542            
 PAHC 3.370m  -5.9781732.1094      nInu 1.480m  -3.469559283.75      nInu  1000A  -3.219993097.81      O  3 88.33m  -9.760   0.2862            
 PAH  6.200m  -5.8082561.2173      nFnu 1.436m  -9.465   0.5634      nInu 925.1A  -4.83124283.082      TOTL  2798A  -9.708   0.3225            
 PAHC 5.650m  -5.7003285.1467      nInu 1.436m  -3.456575898.88      nFnu 897.8A  -7.919  19.8227      Mg 2  2796A  -9.884   0.2147            
 PAH  7.900m  -5.7672815.9026      nFnu 1.119m  -9.230   0.9679      nInu 897.8A  -5.2419442.6875      Mg 2  2803A -10.183   0.1078            
 PAHC 6.900m  -5.6313844.2546      nInu 1.119m  -3.353730375.81      nFnu 760.0A  -8.677   3.4614      Si 2  1263A  -9.603   0.4104            
 PAH  11.30m  -6.455 577.0814      nFnu  8330A  -8.942   1.8815      nInu 760.0A  -5.2579110.8330      Si 3  1207A  -9.025   1.5525            
 PAHC 10.90m  -6.431 609.2426      nInu  8330A  -3.232964412.00      nFnu 701.5A  -9.078   1.3762      recombination...............            
 PAH  11.80m  -6.247 932.2833      nFnu  8079A  -8.888   2.1307      nInu 701.5A  -5.2579109.2031      level2 lines................            
 PAHC 12.65m  -6.283 858.2584      nInu  8079A  -3.218996079.75      nFnu 608.2A  -9.733   0.3040      C  2  1020A -10.182   0.1081            
 PAH  13.30m  -6.258 907.5972      nFnu  6210A  -8.632   3.8376      nInu 608.2A  -5.2389507.4541      Al 2  1671A  -9.757   0.2877            
 PAHC 14.10m  -6.300 824.2488      nInu  6210A  -3.0911333362.4      nFnu 575.1A  -9.863   0.2254      Si 2  1180A  -9.803   0.2590            
 Bcon  3640A  -2.6533660246.5      nFnu  4885A  -8.400   6.5465      nInu 575.1A  -5.2369554.8281      hyperfine structure.........            
 Pcon  5000A  -3.1741100792.8      nInu  4885A  -3.0271547138.9      nFnu 511.9A  -9.907   0.2040      inner shell.................            
 nInu 23.51c  -6.804 258.4506      nFnu  3704A  -8.137  11.9939      nInu 511.9A  -5.3187916.6133      molecules...................            
 nInu 20.46c  -6.622 393.2371      nInu  3704A  -3.0821362342.6      nFnu 496.9A  -8.457   5.7449            
 nInu 6.611c  -5.15111616.527      nFnu  3588A  -8.079  13.7299      nInu 496.9A  -5.3557259.7422            



                                                                           
 Cooling:  HFBc     0 :0.190 HFFc     0 :0.094 Clin 912.0A:0.530  
 Heating:  BFH1     0 :0.828 BFHe     0 :0.171  

 These are some of the most important databases used by Cloudy:
 Many recombination coefficients were taken from http://amdpp.phys.strath.ac.uk/tamoc/RR/ and http://amdpp.phys.strath.ac.uk/tamoc/DR/
      and are based on the following papers:
        Badnell N. R., et al., A&A 406, 1151 (2003) [http://adsabs.harvard.edu/abs/2003A%26A...406.1151B]
        Badnell N. R., ApJS 167, 334 (2006) [http://adsabs.harvard.edu/abs/2006ApJS..167..334B]
 Much of the molecular emission data is from LAMDA as accessed on Dec. 18, 2010. This database is described in:
        Schoeier F.L., et al., A&A 432, 369 (2005) [http://adsabs.harvard.edu/abs/2005A%26A...432..369S]
      This database is in part based on the work of the following groups:
        JPL: Pickett H. M. et al., JQSRT, 60, 883 (1998). [http://adsabs.harvard.edu/abs/1998JQSRT..60..883P]
        CDMS: Mueller H. S. et al., A&A 370, L49 (2001). [http://adsabs.harvard.edu/abs/2001A%26A...370L..49M]
              Mueller H. S. et al., J. Mol. Struct. 742, 215 (2005). [http://adsabs.harvard.edu/abs/2005JMoSt.742..215M]
 Much of the ionic emission data is from version 7.0 of CHIANTI. CHIANTI is a collaborative project involving the NRL (USA), the
      Universities of Florence (Italy) and Cambridge (UK), and George Mason University (USA). These papers describe Chianti:
        Dere K. P., et al., A&AS, 125, 149 (1997) [http://adsabs.harvard.edu/abs/1997A%26AS..125..149D]
        Landi E., et al., ApJ, 744, 99 (2012) [http://adsabs.harvard.edu/abs/2012ApJ...744...99L]
 Much of the H_2 data is from this web site: http://molat.obspm.fr/index.php?page=pages/Molecules/H2/H2can94.php. These data are
      described in:
        Abgrall H. et al., Can. J. Phys., 72, 856 (1994) [http://adsabs.harvard.edu/abs/1994CaJPh..72..856A]
        Wrathmall S. A. & Flower D. R., J. Phys. B, 40, 3221 (2007) [http://adsabs.harvard.edu/abs/2007JPhB...40.3221W]
 Please cite those papers that played a significant role in this calculation.

 IONIZE PARMET:  U(1-) -3.2493  U(4-): -5.5772  U(sp): -3.25  Q(ion):    5.227  L(ion) -5.181    Q(low): 15.662    L(low)  1.527
 ENERGY BUDGET:  Heat:  -8.958  Coolg:  -8.958  Error:  0.0%  Rec Lin:  -7.540  F-F  H  0.000    P(rad/tot)max     2.73E-04

     Col(Heff):      5.797E+15  snd travl time  2.92E+12 sec  Te-low: 1.45E+04  Te-hi: 1.45E+04  G0TH85: 9.54E-01  G0DB96:3.57E-01
  Emiss Measure    n(e)n(p) dl       4.331E+14  n(e)n(He+)dl         4.264E+13  En(e)n(He++) dl         4.020E+11  ne nC+:7.90E+08
 He/Ha:5.33E-03  =   0.05*true  Lthin:3.20E+07  itr/zn: 8.15  H2 itr/zn:  0.00  File Opacity: F  MassTot 9.36e-08  (gm/cm^2)
   Temps(21 cm)   T(21cm/Ly a)  2.41E+03        T(<nH/Tkin>)  1.45E+04          T(<nH/Tspin>)    2.55E+03          TB21cm:0.00E+00
                   N(H0/Tspin)  1.27E+11        N(OH/Tkin)    1.72E-07          B(21cm)          0.00E+00
   <a>:6.21E-10  erdeFe0.0E+00  Tcompt3.00E+10  Tthr2.39E+14  <Tden>: 1.45E+04  <dens>:2.34E-26  <MolWgt>6.43E-01
     Mean Jeans  l(cm)6.14E+22  M(sun)1.42E+09  smallest:     len(cm):6.14E+22  M(sun):1.42E+09  a_ox tran: -3.14
 Rion:1.000E+30  Dist:0.00E+00  Diam:0.000E+00
 Hatom level 70  HatomType: add  HInducImp  F  He tot level: 63  He2 level:   70  ExecTime    11.7
 ConvrgError(%)  <eden>  0.000  MaxEden  0.001  <H-C>   0.00  Max(H-C)    0.02  <Press>   0.000  MaxPrs er  0.000
  Continuity(%)  chng Te   0.0  elec den   0.0  n(H2)    0.0  n(CO)        0.0

                                                        Averaged Quantities
             Te      Te(Ne)   Te(NeNp)  Te(NeHe+)Te(NeHe2+) Te(NeO+)  Te(NeO2+)  Te(H2)     N(H)     Ne(O2+)   Ne(Np)
 Radius:  1.45e+04  1.45e+04  1.45e+04  1.45e+04  1.45e+04  1.45e+04  1.45e+04  1.45e+04  1.00e-02  1.09e-02  1.09e-02
 
 Peimbert T(OIIIr)1.45E+04 T(Bac)0.00E+00 T(Hth)1.44E+04 t2(Hstrc) 3.33e-10 T(O3-BAC)1.44E+04 t2(O3-BC) 2.70e-03 t2(O3str) 3.33e-10

 Contin Optical Depths: COMP: 2.90e-08    H-: 3.56e-11 R(1300): 2.17e-09  H2+: 3.48e-12  Pfa:2.90E-08
                          Pa: 2.90e-08    Ba: 2.91e-08      Hb: 2.91e-08   La: 4.69e-06     1r:2.045E-03  1.8:8.23E-04 4.:6.330E-03

 Old, new H  1 continuum optical depths:
     1 9.97e+07     2 1.00e-20     3 1.00e-20     4 1.00e-20     5 1.00e-20     6 1.00e-20     7 1.00e-20     8 1.00e-20
     9 1.00e-20    10 1.00e-20    11 1.00e-20    12 1.00e-20    13 1.00e-20    14 1.00e-20    15 1.00e-20    16 1.00e-20
    17 1.00e-20    18 1.00e-20    19 1.00e-20    20 1.00e-20    21 1.00e-20    22 1.00e-20    23 1.00e-20    24 1.00e-20
    25 1.00e-20    26 1.00e-20    27 1.00e-20    28 1.00e-20    29 1.00e-20    30 1.00e-20    31 1.00e-20    32 1.00e-20
    33 1.00e-20    34 1.00e-20    35 1.00e-20    36 1.00e-20    37 1.00e-20    38 1.00e-20    39 1.00e-20    40 1.00e-20
    41 1.00e-20    42 1.00e-20    43 1.00e-20    44 1.00e-20    45 1.00e-20    46 1.00e-20    47 1.00e-20    48 1.00e-20
    49 1.00e-20    50 1.00e-20    51 1.00e-20    52 1.00e-20    53 1.00e-20    54 1.00e-20
     1 2.05e-03     2 1.82e-11     3 3.57e-11     4 3.57e-11     5 3.57e-11     6 8.88e-12     7 8.88e-12     8 8.88e-12
     9 8.88e-12    10 1.10e-20    11 1.10e-20    12 1.10e-20    13 1.10e-20    14 1.10e-20    15 1.17e-20    16 1.17e-20
    17 1.17e-20    18 1.17e-20    19 1.17e-20    20 1.17e-20    21 1.34e-20    22 1.34e-20    23 1.34e-20    24 1.34e-20
    25 1.34e-20    26 1.34e-20    27 1.34e-20    28 1.62e-20    29 1.62e-20    30 1.62e-20    31 1.62e-20    32 1.62e-20
    33 1.62e-20    34 1.62e-20    35 1.62e-20    36 2.09e-20    37 2.09e-20    38 2.09e-20    39 2.09e-20    40 2.09e-20
    41 2.09e-20    42 2.09e-20    43 2.09e-20    44 2.09e-20    45 2.81e-20    46 2.81e-20    47 2.81e-20    48 2.81e-20
    49 2.81e-20    50 2.81e-20    51 2.81e-20    52 2.81e-20    53 2.81e-20    54 2.81e-20

 Old, new H  1 mean line optical depths:
  2- 1 6.15e+02  3- 2 6.77e-08  4- 3 1.77e-20  5- 4 1.77e-20  6- 5 1.77e-20  7- 6 1.77e-20  8- 7 1.77e-20
  9- 8 1.77e-20 10- 9 1.77e-20
  2- 1 2.82e+01  3- 2 9.94e-11  4- 3 1.44e-16  5- 4 6.55e-17  6- 5 3.42e-17  7- 6 2.77e-17  8- 7 2.12e-17
  9- 8 2.20e-17 10- 9 3.50e-17

 Old, new He 2 continuum optical depths:
     1 3.44e+06     2 9.86e+07     3 1.00e-20     4 1.00e-20     5 1.00e-20     6 1.00e-20     7 1.00e-20     8 1.00e-20
     9 1.00e-20    10 1.00e-20    11 1.00e-20    12 1.00e-20    13 1.00e-20    14 1.00e-20    15 1.00e-20    16 1.00e-20
    17 1.00e-20    18 1.00e-20    19 1.00e-20    20 1.00e-20    21 1.00e-20    22 1.00e-20    23 1.00e-20    24 1.00e-20
    25 1.00e-20    26 1.00e-20    27 1.00e-20    28 1.00e-20    29 1.00e-20    30 1.00e-20    31 1.00e-20    32 1.00e-20
    33 1.00e-20    34 1.00e-20    35 1.00e-20    36 1.00e-20    37 1.00e-20    38 1.00e-20    39 1.00e-20    40 1.00e-20
    41 1.00e-20    42 1.00e-20    43 1.00e-20    44 1.00e-20    45 1.00e-20    46 1.00e-20    47 1.00e-20    48 1.00e-20
    49 1.00e-20    50 1.00e-20    51 1.00e-20    52 1.00e-20    53 1.00e-20    54 1.00e-20
     1 6.33e-03     2 2.02e-03     3 1.38e-11     4 1.38e-11     5 1.38e-11     6 1.82e-11     7 1.82e-11     8 1.82e-11
     9 1.82e-11    10 2.89e-11    11 2.89e-11    12 2.89e-11    13 2.89e-11    14 2.89e-11    15 3.57e-11    16 3.57e-11
    17 3.57e-11    18 3.57e-11    19 3.57e-11    20 3.57e-11    21 3.02e-11    22 3.02e-11    23 3.02e-11    24 3.02e-11
    25 3.02e-11    26 3.02e-11    27 3.02e-11    28 8.88e-12    29 8.88e-12    30 8.88e-12    31 8.88e-12    32 8.88e-12
    33 8.88e-12    34 8.88e-12    35 8.88e-12    36 1.06e-20    37 1.06e-20    38 1.06e-20    39 1.06e-20    40 1.06e-20
    41 1.06e-20    42 1.06e-20    43 1.06e-20    44 1.06e-20    45 1.10e-20    46 1.10e-20    47 1.10e-20    48 1.10e-20
    49 1.10e-20    50 1.10e-20    51 1.10e-20    52 1.10e-20    53 1.10e-20    54 1.10e-20

 Old, new He 2 mean line optical depths:
  2- 1 3.06e+01  3- 2 6.77e-09  4- 3 1.77e-20  5- 4 1.77e-20  6- 5 1.77e-20  7- 6 1.77e-20  8- 7 1.77e-20
  9- 8 1.77e-20 10- 9 1.77e-20
  2- 1 1.68e+02  3- 2 9.26e-16  4- 3 1.33e-20  5- 4 1.62e-20  6- 5 1.75e-20  7- 6 1.53e-20  8- 7 1.65e-20
  9- 8 1.73e-20 10- 9 1.80e-20

 Old He Is optical depths:    1 2.38e+07    2 1.00e-20    3 1.00e-20    4 1.00e-20    5 1.00e-20
 New He Is optical depths:    1 8.23e-04    2 1.22e-11    3 1.50e-11    4 1.69e-11    5 1.69e-11
          Old He Is Lines:  584 3.54e-20 3889 3.54e-20 5016 3.54e-20 5876 3.54e-20
          New He Is Lines:  584 3.14e+00 3889 4.28e-09 5016 2.15e-15 5876 4.60e-19
                                                                          


          Start Iteration Number 2                                                                              


 ####  1  Te:1.447E+04 Hden:1.000E-02 Ne:1.091E-02 R:1.000E+30 R-R0:3.990E+16 dR:7.980E+16 NTR: 11 Htot:2.757E-28 T912: 4.09e-05###
